[gd_scene load_steps=11 format=3 uid="uid://ovaec6nc7m42"]

[ext_resource type="PackedScene" uid="uid://wilclsh64myp" path="res://objects/player/player.tscn" id="1_o5qli"]
[ext_resource type="Script" uid="uid://cbldusqpmy3gb" path="res://scripts/main.gd" id="1_tefeu"]
[ext_resource type="Script" uid="uid://d0f1w2mq5h6r7" path="res://scripts/follow_camera.gd" id="2_0wfyh"]
[ext_resource type="PackedScene" uid="uid://bk4k7em2j8d1p" path="res://scenes/round_manager.tscn" id="2_o6xl0"]
[ext_resource type="PackedScene" uid="uid://dacw2gn4smkwj" path="res://scenes/hud.tscn" id="5_tbgi4"]
[ext_resource type="PackedScene" uid="uid://bioo4dk8jqu1w" path="res://objects/lasers/laser_machine.tscn" id="8_tipki"]
[ext_resource type="PackedScene" uid="uid://ymkakny8f3x5" path="res://objects/lasers/strobe_machine.tscn" id="9_85g3d"]
[ext_resource type="PackedScene" uid="uid://chrmkwix0kv7c" path="res://assets/maps/tank_mayham/tank_mayham.glb" id="10_choun"]

[sub_resource type="Environment" id="Environment_tbgi4"]
background_mode = 1
ssr_enabled = true
ssao_enabled = true
ssil_enabled = true
sdfgi_enabled = true
glow_enabled = true

[sub_resource type="BoxShape3D" id="BoxShape3D_85g3d"]
size = Vector3(137.51, 3.445, 18.475)

[node name="Main" type="Node3D"]
script = ExtResource("1_tefeu")

[node name="RoundManager" parent="." instance=ExtResource("2_o6xl0")]

[node name="Player" parent="." instance=ExtResource("1_o5qli")]
transform = Transform3D(1, 0, 0, 0, 1, 0, 0, 0, 1, 0, 0.9574709, 0)

[node name="Camera3D" type="Camera3D" parent="."]
transform = Transform3D(1, 0, 0, 0, 1, 0, 0, 0, 1, 8.650961, 13.587667, 30.053001)
fov = 22.5
size = 10.69
script = ExtResource("2_0wfyh")

[node name="SpotLight3D2" type="SpotLight3D" parent="Camera3D"]
light_energy = 15.0
spot_range = 42.853165

[node name="SpotLight3D" type="SpotLight3D" parent="."]
transform = Transform3D(0.7745472, -0.6064626, 0.17966545, 0, 0.28404883, 0.9588098, -0.6325161, -0.7426435, 0.22000922, 1.946548, 3.4297528, 1.2746582)

[node name="DirectionalLight3D" type="DirectionalLight3D" parent="."]
transform = Transform3D(1, 0, 0, 0, 0.33293483, 0.94294983, 0, -0.9429499, 0.33293483, 0, 6.098803, 9.444128)

[node name="HUD" parent="." instance=ExtResource("5_tbgi4")]

[node name="Player2" parent="." instance=ExtResource("1_o5qli")]
transform = Transform3D(1, 0, 0, 0, 1, 0, 0, 0, 1, 6.7508955, 1.7889354, 0)
device_id = 1
use_bot_input = true

[node name="WorldEnvironment" type="WorldEnvironment" parent="."]
environment = SubResource("Environment_tbgi4")

[node name="StrobeMachine" parent="." instance=ExtResource("9_85g3d")]
transform = Transform3D(-0.89394367, -0.41331005, 0.17331912, -0.39152706, 0.90838337, 0.1467852, -0.21810812, 0.063358426, -0.9738655, -6.775606, 4.786051, -9.15583)

[node name="LaserMachine" parent="." instance=ExtResource("8_tipki")]
transform = Transform3D(0.9967859, 0.038582593, -0.07021205, -0.0665421, -0.08933601, -0.9937761, -0.044614714, 0.9952539, -0.08648137, 13.597982, -8.108994, -8.517785)

[node name="LaserMachine2" parent="." instance=ExtResource("8_tipki")]
transform = Transform3D(0.9847502, -0.16756727, -0.04677963, -0.032507997, 0.08692348, -0.99568444, 0.17091039, 0.9820211, 0.080150336, -4.491232, -9.77479, -8.517785)

[node name="tank_mayham" parent="." instance=ExtResource("10_choun")]
transform = Transform3D(-4.371139e-08, 0, -1, 0, 1, 0, 1, 0, -4.371139e-08, 2.4320564, -0.69313335, 0.49605274)

[node name="OB" type="Area3D" parent="."]
transform = Transform3D(1, 0, 0, 0, 1, 0, 0, 0, 1, 0, -35.4294, 0)
collision_layer = 0
collision_mask = 2

[node name="CollisionShape3D" type="CollisionShape3D" parent="OB"]
shape = SubResource("BoxShape3D_85g3d")

[connection signal="body_entered" from="OB" to="." method="_on_ob_body_entered"]
