[gd_scene load_steps=5 format=3 uid="uid://ovaec6nc7m42"]

[ext_resource type="PackedScene" uid="uid://wilclsh64myp" path="res://objects/player.tscn" id="1_o5qli"]
[ext_resource type="Script" uid="uid://d0f1w2mq5h6r7" path="res://scripts/follow_camera.gd" id="2_0wfyh"]

[sub_resource type="BoxShape3D" id="BoxShape3D_sgp6g"]
size = Vector3(6.449463, 1, 1)

[sub_resource type="BoxMesh" id="BoxMesh_sgp6g"]
size = Vector3(6.46, 1, 1)

[node name="Main" type="Node3D"]

[node name="StaticBody3D" type="StaticBody3D" parent="."]
transform = Transform3D(1, 0, 0, 0, 1, 0, 0, 0, 1, -2.2444236, -0.9567063, 0)

[node name="CollisionShape3D" type="CollisionShape3D" parent="StaticBody3D"]
shape = SubResource("BoxShape3D_sgp6g")

[node name="MeshInstance3D" type="MeshInstance3D" parent="StaticBody3D"]
mesh = SubResource("BoxMesh_sgp6g")

[node name="StaticBody3D2" type="StaticBody3D" parent="."]
transform = Transform3D(1, 0, 0, 0, 1, 0, 0, 0, 1, 7.00799, -0.9567063, 0)

[node name="CollisionShape3D" type="CollisionShape3D" parent="StaticBody3D2"]
shape = SubResource("BoxShape3D_sgp6g")

[node name="MeshInstance3D" type="MeshInstance3D" parent="StaticBody3D2"]
mesh = SubResource("BoxMesh_sgp6g")

[node name="Player" parent="." instance=ExtResource("1_o5qli")]
transform = Transform3D(1, 0, 0, 0, 1, 0, 0, 0, 1, 0, 0.9574709, 0)

[node name="Camera3D" type="Camera3D" parent="."]
transform = Transform3D(1, 0, 0, 0, 0.9990978, 0.04246854, 0, -0.04246854, 0.9990978, 0, 3, 18)
fov = 31.5
script = ExtResource("2_0wfyh")

[node name="SpotLight3D" type="SpotLight3D" parent="."]
transform = Transform3D(0.7745472, -0.6064626, 0.17966545, 0, 0.28404883, 0.9588098, -0.6325161, -0.7426435, 0.22000922, 1.946548, 3.4297528, 1.2746582)

[node name="DirectionalLight3D" type="DirectionalLight3D" parent="."]
transform = Transform3D(1, 0, 0, 0, -0.09971914, 0.9950156, 0, -0.9950156, -0.09971914, 0, 4.04049, 0)
