[gd_scene load_steps=11 format=3 uid="uid://ovaec6nc7m42"]

[ext_resource type="PackedScene" uid="uid://wilclsh64myp" path="res://objects/player.tscn" id="1_o5qli"]
[ext_resource type="Script" uid="uid://cbldusqpmy3gb" path="res://scripts/main.gd" id="1_tefeu"]
[ext_resource type="Script" uid="uid://d0f1w2mq5h6r7" path="res://scripts/follow_camera.gd" id="2_0wfyh"]
[ext_resource type="PackedScene" uid="uid://bk4k7em2j8d1p" path="res://scenes/round_manager.tscn" id="2_o6xl0"]
[ext_resource type="PackedScene" uid="uid://dnoji5trebrxk" path="res://objects/platform.tscn" id="3_tipki"]
[ext_resource type="PackedScene" uid="uid://c6ooswcottct1" path="res://objects/bulb.tscn" id="4_jyhfs"]
[ext_resource type="PackedScene" uid="uid://dacw2gn4smkwj" path="res://scenes/hud.tscn" id="5_tbgi4"]
[ext_resource type="PackedScene" uid="uid://bioo4dk8jqu1w" path="res://objects/lasers/laser_machine.tscn" id="8_tipki"]
[ext_resource type="PackedScene" uid="uid://ymkakny8f3x5" path="res://objects/lasers/strobe_machine.tscn" id="9_85g3d"]

[sub_resource type="Environment" id="Environment_tbgi4"]
background_mode = 1
ssr_enabled = true
ssao_enabled = true
ssil_enabled = true
sdfgi_enabled = true
glow_enabled = true

[node name="Main" type="Node3D"]
script = ExtResource("1_tefeu")

[node name="RoundManager" parent="." instance=ExtResource("2_o6xl0")]

[node name="Platform" parent="." instance=ExtResource("3_tipki")]
transform = Transform3D(1, 0, 0, 0, 1, 0, 0, 0, 1, -5.636822, -1.0838368, 0)

[node name="Platform2" parent="." instance=ExtResource("3_tipki")]
transform = Transform3D(1, 0, 0, 0, 1, 0, 0, 0, 1, 1.1112456, -1.0838368, 0)

[node name="Platform3" parent="." instance=ExtResource("3_tipki")]
transform = Transform3D(1, 0, 0, 0, 1, 0, 0, 0, 1, 7.831094, -1.0838368, 0)

[node name="Platform4" parent="." instance=ExtResource("3_tipki")]
transform = Transform3D(1, 0, 0, 0, 1, 0, 0, 0, 1, -0.8040323, 3.7968786, 0)

[node name="Player" parent="." instance=ExtResource("1_o5qli")]
transform = Transform3D(1, 0, 0, 0, 1, 0, 0, 0, 1, 0, 0.9574709, 0)

[node name="Camera3D" type="Camera3D" parent="."]
transform = Transform3D(1, 0, 0, 0, 1, 0, 0, 0, 1, 0, 0.5713768, 30.053001)
fov = 22.5
size = 10.69
script = ExtResource("2_0wfyh")

[node name="SpotLight3D" type="SpotLight3D" parent="."]
transform = Transform3D(0.7745472, -0.6064626, 0.17966545, 0, 0.28404883, 0.9588098, -0.6325161, -0.7426435, 0.22000922, 1.946548, 3.4297528, 1.2746582)

[node name="DirectionalLight3D" type="DirectionalLight3D" parent="."]
transform = Transform3D(1, 0, 0, 0, 0.33293483, 0.94294983, 0, -0.9429499, 0.33293483, 0, 6.098803, 9.444128)

[node name="Bulb" parent="." instance=ExtResource("4_jyhfs")]
transform = Transform3D(1, 0, 0, 0, 1, 0, 0, 0, 1, -2.979772, 0, 0)

[node name="HUD" parent="." instance=ExtResource("5_tbgi4")]

[node name="Bulb2" parent="." instance=ExtResource("4_jyhfs")]
transform = Transform3D(1, 0, 0, 0, 1, 0, 0, 0, 1, 7.7318554, 0, 0)

[node name="Player2" parent="." instance=ExtResource("1_o5qli")]
transform = Transform3D(1, 0, 0, 0, 1, 0, 0, 0, 1, 6.7508955, 1.7889354, 0)
device_id = 1

[node name="WorldEnvironment" type="WorldEnvironment" parent="."]
environment = SubResource("Environment_tbgi4")

[node name="LaserMachine" parent="." instance=ExtResource("8_tipki")]
transform = Transform3D(-0.8690637, -0.12707023, 0.47810224, -2.2455676e-08, 0.96644807, 0.25686297, -0.49470043, 0.22323018, -0.8399046, 8.855472, 5.6706514, -11.386623)

[node name="Node3D" parent="." instance=ExtResource("9_85g3d")]
transform = Transform3D(-0.11966309, 0.34412286, -0.931268, 0.092853956, 0.93777555, 0.33459648, 0.9884628, -0.046433136, -0.14417034, -12.689479, 4.401717, -0.20795119)
